../instances/ALUE/alue2087.stp
Benchmark array: 0.001579 0.001595 0.001607 0.001588 0.001589 0.001871 0.001767 0.001767 0.001761 0.001781 0.001764 0.001756 0.001765 0.001874 0.001774 0.001778 0.001755 0.001797 0.001780 0.001771
Benchmark  heap: 0.000092 0.000059 0.000079 0.000055 0.000085 0.000074 0.000054 0.000072 0.000052 0.000071 0.000051 0.000072 0.000051 0.000060 0.000069 0.000051 0.000069 0.000050 0.000070 0.000051

../instances/ALUE/alue2105.stp
Benchmark array: 0.001747 0.001728 0.001969 0.001797 0.001805 0.001792 0.001790 0.001976 0.001886 0.001828 0.001991 0.001971 0.001806 0.001828 0.001817 0.001812 0.001805 0.001794 0.001994 0.002967
Benchmark  heap: 0.000101 0.000124 0.000087 0.000119 0.000099 0.000087 0.000095 0.000075 0.000095 0.000074 0.000101 0.000113 0.000082 0.000099 0.000076 0.000105 0.000068 0.000070 0.000055 0.000064

../instances/ALUE/alue3146.stp
Benchmark array: 0.016655 0.016124 0.016086 0.016218 0.016342 0.016456 0.016399 0.016510 0.016118 0.016096 0.016117 0.016200 0.016216 0.016345 0.016329 0.016262 0.016189 0.016157 0.016093 0.016326
Benchmark  heap: 0.000325 0.000310 0.000321 0.000290 0.000309 0.000308 0.000314 0.000304 0.000304 0.000317 0.000304 0.000303 0.000318 0.000416 0.000405 0.000313 0.000285 0.000316 0.000311 0.000309

../instances/ALUE/alue5067.stp
Benchmark array: 0.014391 0.014069 0.015007 0.015016 0.015276 0.015218 0.015064 0.013680 0.015014 0.015090 0.015004 0.015034 0.015058 0.014984 0.015043 0.015100 0.015015 0.014957 0.014895 0.014893
Benchmark  heap: 0.000308 0.000299 0.000286 0.000283 0.000275 0.000284 0.000287 0.000288 0.000298 0.000340 0.000319 0.000302 0.000273 0.000282 0.000287 0.000258 0.000276 0.000281 0.000292 0.000281

../instances/ALUE/alue5345.stp
Benchmark array: 0.033635 0.033310 0.033186 0.032733 0.033360 0.032465 0.031955 0.032554 0.033367 0.033058 0.033604 0.033467 0.033314 0.033398 0.033756 0.033586 0.033563 0.033339 0.033535 0.033456
Benchmark  heap: 0.000500 0.000468 0.000478 0.000465 0.000455 0.000465 0.000476 0.000465 0.000560 0.000477 0.000472 0.000444 0.000465 0.000439 0.000462 0.000468 0.000445 0.000475 0.000461 0.000473

../instances/ALUE/alue5623.stp
Benchmark array: 0.026848 0.025839 0.025279 0.025518 0.024974 0.025368 0.025105 0.025225 0.025177 0.025531 0.025180 0.025095 0.025088 0.025140 0.025194 0.025202 0.025160 0.025239 0.025967 0.025268
Benchmark  heap: 0.000437 0.000420 0.000386 0.000412 0.000381 0.000408 0.000381 0.000382 0.000409 0.000382 0.000411 0.000382 0.000381 0.000406 0.000380 0.000406 0.000380 0.000380 0.000409 0.000380

../instances/ALUE/alue5901.stp
Benchmark array: 0.206384 0.190625 0.202630 0.200190 0.200421 0.202740 0.206067 0.204063 0.206537 0.206905 0.209360 0.211288 0.206281 0.205902 0.204832 0.206010 0.200689 0.211562 0.210566 0.211079
Benchmark  heap: 0.001173 0.001132 0.001151 0.001161 0.001131 0.001191 0.001146 0.001126 0.001148 0.001148 0.001131 0.001147 0.001251 0.001189 0.001116 0.001131 0.001132 0.001102 0.001128 0.001136

../instances/ALUE/alue6179.stp
Benchmark array: 0.013800 0.013994 0.013888 0.013926 0.013760 0.013859 0.013660 0.013820 0.013751 0.013770 0.013787 0.013705 0.013569 0.013636 0.013489 0.013647 0.013531 0.013903 0.013498 0.013753
Benchmark  heap: 0.000287 0.000269 0.000276 0.000244 0.000262 0.000274 0.000264 0.000242 0.000259 0.000274 0.000376 0.000304 0.000266 0.000247 0.000265 0.000265 0.000265 0.000274 0.000243 0.000275

../instances/ALUE/alue6457.stp
Benchmark array: 0.019350 0.018561 0.018744 0.018698 0.018507 0.018820 0.018677 0.018751 0.018549 0.018569 0.018453 0.018565 0.018114 0.016902 0.016963 0.017012 0.016856 0.016869 0.016864 0.016945
Benchmark  heap: 0.000341 0.000323 0.000333 0.000320 0.000296 0.000323 0.000320 0.000316 0.000327 0.000337 0.000317 0.000328 0.000320 0.000320 0.000334 0.000316 0.000318 0.000335 0.000333 0.000317

../instances/ALUE/alue6735.stp
Benchmark array: 0.019085 0.019369 0.018964 0.019492 0.019298 0.019238 0.019194 0.019221 0.020760 0.020836 0.020865 0.020838 0.020767 0.020809 0.020640 0.020767 0.020883 0.021044 0.020753 0.020807
Benchmark  heap: 0.000374 0.000370 0.000372 0.000353 0.000364 0.000353 0.000381 0.000354 0.000354 0.000363 0.000370 0.000351 0.000361 0.000353 0.000370 0.000364 0.000352 0.000365 0.000372 0.000355

../instances/ALUE/alue6951.stp
Benchmark array: 0.009742 0.009293 0.009342 0.009287 0.009396 0.009338 0.009311 0.009409 0.009341 0.009328 0.009309 0.009418 0.009295 0.009264 0.009460 0.009281 0.009315 0.009440 0.009348 0.009359
Benchmark  heap: 0.000249 0.000212 0.000232 0.000210 0.000238 0.000208 0.000227 0.000209 0.000237 0.000210 0.000355 0.000226 0.000231 0.000207 0.000224 0.000206 0.000227 0.000198 0.000231 0.000221

../instances/ALUE/alue7065.stp
Benchmark array: 1.799624 1.730751 1.719243 1.742772 1.767184 1.803653 1.825571 1.749256 1.734247 1.750537 1.779648 1.746783 1.734736 1.739940 1.789014 1.751543 1.761702 1.805682 1.700778 1.780018
Benchmark  heap: 0.003794 0.003851 0.003780 0.003887 0.003734 0.003690 0.003683 0.003938 0.003797 0.003716 0.003776 0.004218 0.003825 0.003686 0.003678 0.003908 0.003775 0.003680 0.003721 0.004012

../instances/ALUE/alue7066.stp
Benchmark array: 0.054170 0.052781 0.053805 0.053328 0.053902 0.052892 0.053970 0.053756 0.053827 0.053448 0.050639 0.049003 0.050127 0.049154 0.050280 0.048713 0.049691 0.053448 0.055527 0.054546
Benchmark  heap: 0.000632 0.000580 0.000612 0.000609 0.000582 0.000603 0.000606 0.000589 0.000605 0.000598 0.000587 0.000595 0.000609 0.000587 0.000592 0.000604 0.000577 0.000682 0.000594 0.000592

../instances/ALUE/alue7080.stp
Benchmark array: 1.774759 1.751418 1.735458 1.768630 1.737612 1.791400 1.739581 1.744000 1.814168 1.882954 1.824977 1.822594 1.761683 1.838661 1.769906 1.768890 1.760920 1.736851 1.742013 1.754578
Benchmark  heap: 0.003914 0.004371 0.003869 0.003942 0.003748 0.003828 0.003785 0.003732 0.003760 0.004054 0.004019 0.003820 0.003717 0.003829 0.003774 0.003738 0.003711 0.003841 0.003854 0.003744

../instances/ALUE/alue7229.stp
Benchmark array: 0.000983 0.000962 0.000997 0.000955 0.000966 0.000952 0.000967 0.000963 0.000944 0.000962 0.000963 0.000961 0.000966 0.000963 0.000954 0.000962 0.000961 0.000935 0.000975 0.000950
Benchmark  heap: 0.000051 0.000066 0.000041 0.000059 0.000040 0.000050 0.000059 0.000038 0.000057 0.000038 0.000037 0.000058 0.000037 0.000057 0.000037 0.000055 0.000038 0.000037 0.000056 0.000037

../instances/ALUT/alut0787.stp
Benchmark array: 0.001737 0.001695 0.001690 0.001628 0.001601 0.001614 0.001622 0.001616 0.001644 0.001637 0.001600 0.001757 0.001620 0.001605 0.001603 0.001605 0.001633 0.001627 0.001602 0.001623
Benchmark  heap: 0.000073 0.000043 0.000062 0.000041 0.000071 0.000042 0.000061 0.000041 0.000060 0.000041 0.000060 0.000059 0.000041 0.000060 0.000042 0.000060 0.000041 0.000060 0.000041 0.000060

../instances/ALUT/alut0805.stp
Benchmark array: 0.001092 0.001074 0.001088 0.001074 0.001076 0.001079 0.001074 0.001086 0.001067 0.001196 0.001104 0.001072 0.001117 0.001098 0.001082 0.001089 0.001094 0.001101 0.001083 0.001077
Benchmark  heap: 0.000047 0.000055 0.000039 0.000070 0.000038 0.000056 0.000038 0.000036 0.000056 0.000036 0.000056 0.000036 0.000055 0.000037 0.000035 0.000055 0.000035 0.000056 0.000038 0.000067

../instances/ALUT/alut1181.stp
Benchmark array: 0.011537 0.011321 0.011263 0.011428 0.011586 0.011586 0.011289 0.011568 0.011544 0.011446 0.011472 0.011849 0.011464 0.011518 0.011377 0.011374 0.011444 0.011281 0.011378 0.011313
Benchmark  heap: 0.000261 0.000225 0.000254 0.000240 0.000221 0.000242 0.000240 0.000230 0.000240 0.000242 0.000249 0.000244 0.000310 0.000234 0.000210 0.000239 0.000238 0.000218 0.000227 0.000238

../instances/ALUT/alut2010.stp
Benchmark array: 0.047129 0.047407 0.046934 0.047536 0.046997 0.046979 0.046759 0.047596 0.045241 0.045423 0.045320 0.047355 0.045173 0.044848 0.045383 0.046308 0.046853 0.046730 0.046774 0.046839
Benchmark  heap: 0.000522 0.000524 0.000504 0.000487 0.000517 0.000486 0.000513 0.000630 0.000496 0.000499 0.000489 0.000527 0.000485 0.000494 0.000501 0.000495 0.000503 0.000494 0.000486 0.000515

../instances/ALUT/alut2288.stp
Benchmark array: 0.120106 0.119923 0.122965 0.120415 0.116162 0.114570 0.114815 0.115422 0.115593 0.112192 0.114961 0.111462 0.110725 0.110547 0.117814 0.111434 0.113767 0.114520 0.113450 0.111681
Benchmark  heap: 0.000873 0.000829 0.001021 0.000989 0.000857 0.000822 0.000827 0.000849 0.000819 0.000829 0.000844 0.000817 0.000825 0.000841 0.000824 0.000828 0.000840 0.000817 0.000827 0.000840

../instances/ALUT/alut2566.stp
Benchmark array: 0.031439 0.030900 0.030834 0.030954 0.030959 0.031085 0.031008 0.030948 0.030848 0.030634 0.030663 0.031051 0.030868 0.031054 0.031006 0.031114 0.031027 0.030922 0.030860 0.030967
Benchmark  heap: 0.000445 0.000439 0.000425 0.000424 0.000416 0.000424 0.000431 0.000425 0.000435 0.000403 0.000423 0.000432 0.000423 0.000433 0.000422 0.000415 0.000577 0.000420 0.000418 0.000437

../instances/ALUT/alut2610.stp
Benchmark array: 1.662706 1.697581 1.734232 1.717554 1.728245 1.748799 1.786282 1.773558 1.724062 1.721077 1.705208 1.715210 1.787272 1.757382 1.739959 1.752493 1.752070 1.739528 1.763070 1.757767
Benchmark  heap: 0.004190 0.003811 0.003595 0.003605 0.004155 0.004865 0.004168 0.004026 0.005281 0.004231 0.003631 0.003643 0.003658 0.003609 0.003584 0.003586 0.003900 0.003624 0.003592 0.003626

../instances/ALUT/alut2625.stp
Benchmark array: 1.949719 2.001567 1.992579 2.028546 1.994323 1.995079 2.042603 2.050155 2.054329 1.947064 2.067810 1.999248 2.035580 2.053492 2.046910 1.999394 2.027361 1.955000 2.012656 2.021062
Benchmark  heap: 0.004112 0.003958 0.005182 0.004341 0.003996 0.004080 0.004189 0.004034 0.004000 0.004400 0.004479 0.003969 0.003963 0.004219 0.004059 0.003945 0.003971 0.004471 0.004053 0.003952

../instances/ALUT/alut2764.stp
Benchmark array: 0.000174 0.000180 0.000178 0.000168 0.000177 0.000174 0.000159 0.000178 0.000159 0.000183 0.000175 0.000158 0.000177 0.000176 0.000160 0.000183 0.000159 0.000176 0.000176 0.000160
Benchmark  heap: 0.000017 0.000014 0.000014 0.000015 0.000011 0.000009 0.000009 0.000008 0.000008 0.000008 0.000027 0.000008 0.000008 0.000008 0.000008 0.000008 0.000017 0.000026 0.000008 0.000008

../instances/DMXA/dmxa0296.stp
Benchmark array: 0.000064 0.000084 0.000077 0.000061 0.000079 0.000086 0.000077 0.000061 0.000077 0.000077 0.000061 0.000079 0.000079 0.000060 0.000076 0.000077 0.000078 0.000061 0.000087 0.000077
Benchmark  heap: 0.000011 0.000030 0.000005 0.000004 0.000004 0.000004 0.000004 0.000004 0.000004 0.000004 0.000004 0.000024 0.000005 0.000004 0.000004 0.000004 0.000004 0.000004 0.000004 0.000004

../instances/DMXA/dmxa0368.stp
Benchmark array: 0.005330 0.005284 0.005279 0.005066 0.005335 0.005249 0.005113 0.005140 0.005215 0.005128 0.005321 0.005314 0.005135 0.005314 0.005232 0.005156 0.005333 0.005046 0.004907 0.004904
Benchmark  heap: 0.000176 0.000123 0.000131 0.000151 0.000117 0.000125 0.000152 0.000115 0.000122 0.000134 0.000115 0.000131 0.000134 0.000116 0.000123 0.000134 0.000115 0.000124 0.000136 0.000125

../instances/DMXA/dmxa0454.stp
Benchmark array: 0.004352 0.004249 0.004207 0.004229 0.004427 0.004031 0.004013 0.004008 0.004024 0.004001 0.004027 0.004029 0.004075 0.003984 0.004027 0.004023 0.004168 0.004183 0.004044 0.004000
Benchmark  heap: 0.000125 0.000123 0.000131 0.000096 0.000122 0.000141 0.000116 0.000122 0.000132 0.000116 0.000121 0.000132 0.000116 0.000133 0.000132 0.000114 0.000102 0.000130 0.000115 0.000122

../instances/DMXA/dmxa0628.stp
Benchmark array: 0.000035 0.000066 0.000034 0.000049 0.000034 0.000034 0.000049 0.000033 0.000050 0.000032 0.000033 0.000050 0.000035 0.000050 0.000033 0.000051 0.000034 0.000032 0.000050 0.000034
Benchmark  heap: 0.000011 0.000007 0.000019 0.000007 0.000005 0.000005 0.000005 0.000010 0.000004 0.000004 0.000003 0.000003 0.000003 0.000003 0.000003 0.000003 0.000003 0.000003 0.000023 0.000003

../instances/DMXA/dmxa0734.stp
Benchmark array: 0.000463 0.000458 0.000441 0.000432 0.000431 0.000443 0.000434 0.000441 0.000454 0.000442 0.000434 0.000670 0.000457 0.000453 0.000440 0.000434 0.000444 0.000433 0.000461 0.000432
Benchmark  heap: 0.000054 0.000024 0.000022 0.000022 0.000041 0.000021 0.000021 0.000040 0.000021 0.000021 0.000039 0.000022 0.000021 0.000021 0.000040 0.000021 0.000020 0.000040 0.000021 0.000021

../instances/DMXA/dmxa0848.stp
Benchmark array: 0.000267 0.000293 0.000262 0.000280 0.000254 0.000283 0.000255 0.000272 0.000253 0.000273 0.000257 0.000280 0.000261 0.000283 0.000254 0.000271 0.000254 0.000283 0.000252 0.000271
Benchmark  heap: 0.000025 0.000022 0.000022 0.000041 0.000016 0.000015 0.000014 0.000033 0.000014 0.000014 0.000013 0.000013 0.000032 0.000013 0.000013 0.000013 0.000031 0.000013 0.000013 0.000013

../instances/DMXA/dmxa0903.stp
Benchmark array: 0.000436 0.000404 0.000415 0.000402 0.000404 0.000416 0.000405 0.000410 0.000386 0.000404 0.000412 0.000402 0.000413 0.000402 0.000394 0.000404 0.000406 0.000412 0.000402 0.000394
Benchmark  heap: 0.000031 0.000051 0.000023 0.000022 0.000021 0.000040 0.000021 0.000020 0.000019 0.000039 0.000019 0.000019 0.000038 0.000019 0.000019 0.000018 0.000038 0.000019 0.000019 0.000038

../instances/DMXA/dmxa1010.stp
Benchmark array: 0.019527 0.019457 0.018661 0.019115 0.018628 0.019026 0.018537 0.018273 0.017666 0.018799 0.018713 0.019385 0.018696 0.019144 0.018539 0.018934 0.018611 0.019044 0.018687 0.019136
Benchmark  heap: 0.000315 0.000297 0.000293 0.000327 0.000295 0.000299 0.000303 0.000289 0.000310 0.000301 0.000292 0.000292 0.000294 0.000303 0.000308 0.000293 0.000308 0.000293 0.000292 0.000335

../instances/DMXA/dmxa1109.stp
Benchmark array: 0.000151 0.000135 0.000153 0.000135 0.000136 0.000152 0.000134 0.000143 0.000151 0.000134 0.000135 0.000151 0.000135 0.000135 0.000159 0.000134 0.000135 0.000150 0.000134 0.000135
Benchmark  heap: 0.000017 0.000034 0.000011 0.000010 0.000010 0.000010 0.000009 0.000028 0.000010 0.000009 0.000009 0.000009 0.000009 0.000008 0.000026 0.000009 0.000009 0.000008 0.000008 0.000008

../instances/DMXA/dmxa1200.stp
Benchmark array: 0.000629 0.000594 0.000611 0.000614 0.000620 0.000593 0.000594 0.000629 0.000610 0.000643 0.000617 0.000622 0.000597 0.000608 0.000615 0.000638 0.000606 0.000617 0.000617 0.000630
Benchmark  heap: 0.000059 0.000029 0.000027 0.000046 0.000027 0.000026 0.000045 0.000026 0.000025 0.000045 0.000025 0.000025 0.000044 0.000025 0.000043 0.000026 0.000025 0.000044 0.000026 0.000025

../instances/DMXA/dmxa1304.stp
Benchmark array: 0.000113 0.000107 0.000119 0.000106 0.000106 0.000106 0.000106 0.000108 0.000106 0.000106 0.000106 0.000116 0.000107 0.000108 0.000124 0.000107 0.000106 0.000106 0.000106 0.000117
Benchmark  heap: 0.000017 0.000012 0.000012 0.000012 0.000012 0.000012 0.000036 0.000012 0.000010 0.000008 0.000007 0.000007 0.000006 0.000007 0.000026 0.000006 0.000006 0.000006 0.000006 0.000006

../instances/DMXA/dmxa1516.stp
Benchmark array: 0.000538 0.000528 0.000516 0.000545 0.000518 0.000513 0.000529 0.000518 0.000527 0.000558 0.000539 0.000538 0.000536 0.000520 0.000542 0.000509 0.000530 0.000538 0.000545 0.000528
Benchmark  heap: 0.000035 0.000032 0.000052 0.000026 0.000025 0.000044 0.000025 0.000024 0.000043 0.000024 0.000023 0.000043 0.000034 0.000024 0.000043 0.000024 0.000023 0.000043 0.000024 0.000023

../instances/DMXA/dmxa1721.stp
Benchmark array: 0.001218 0.001224 0.001223 0.001232 0.001222 0.001203 0.001221 0.001205 0.001218 0.001223 0.001218 0.001204 0.001217 0.001205 0.001210 0.001243 0.001359 0.001232 0.001203 0.001221
Benchmark  heap: 0.000070 0.000040 0.000068 0.000039 0.000056 0.000039 0.000037 0.000057 0.000037 0.000056 0.000037 0.000056 0.000037 0.000056 0.000037 0.000036 0.000056 0.000036 0.000056 0.000036

../instances/DMXA/dmxa1801.stp
Benchmark array: 0.007598 0.007255 0.006679 0.006723 0.006869 0.006728 0.006931 0.006738 0.006864 0.006767 0.006789 0.006884 0.006770 0.006932 0.006736 0.007018 0.006760 0.006848 0.006793 0.006753
Benchmark  heap: 0.000163 0.000167 0.000146 0.000163 0.000182 0.000145 0.000151 0.000165 0.000147 0.000185 0.000166 0.000147 0.000152 0.000164 0.000145 0.000169 0.000173 0.000145 0.000151 0.000162

../instances/test_set1/check_v5_s1.dat
Benchmark array: 0.000004 0.000003 0.000003 0.000003 0.000003 0.000003 0.000003 0.000011 0.000003 0.000003 0.000003 0.000003 0.000003 0.000003 0.000003 0.000004 0.000003 0.000003 0.000003 0.000003
Benchmark  heap: 0.000001 0.000000 0.000000 0.000000 0.000000 0.000000 0.000000 0.000000 0.000000 0.000000 0.000000 0.000000 0.000000 0.000000 0.000000 0.000000 0.000000 0.000000 0.000000 0.000000

../instances/test_set1/inst_v1000_s1.dat
Benchmark array: 0.035305 0.034249 0.033232 0.034346 0.035508 0.033317 0.032828 0.033250 0.034294 0.033926 0.034503 0.034636 0.033694 0.033662 0.033870 0.035013 0.035090 0.034649 0.031966 0.031436
Benchmark  heap: 0.038678 0.037835 0.038819 0.038559 0.038802 0.037334 0.038935 0.038505 0.040248 0.038067 0.038368 0.038506 0.038812 0.039130 0.038831 0.038697 0.039363 0.038918 0.037843 0.038934

../instances/test_set1/inst_v100_s1.dat
Benchmark array: 0.000102 0.000066 0.000065 0.000094 0.000065 0.000067 0.000091 0.000065 0.000083 0.000071 0.000081 0.000085 0.000067 0.000066 0.000085 0.000069 0.000064 0.000084 0.000068 0.000064
Benchmark  heap: 0.000067 0.000095 0.000056 0.000054 0.000054 0.000077 0.000055 0.000054 0.000053 0.000077 0.000055 0.000054 0.000054 0.000075 0.000056 0.000068 0.000055 0.000080 0.000082 0.000072

../instances/test_set1/inst_v200_s1.dat
Benchmark array: 0.000398 0.000376 0.000404 0.000373 0.000371 0.000382 0.000373 0.000373 0.000381 0.000391 0.000380 0.000372 0.000372 0.000379 0.000372 0.000371 0.000439 0.000377 0.000360 0.000371
Benchmark  heap: 0.000366 0.000354 0.000360 0.000349 0.000349 0.000356 0.000329 0.000346 0.000355 0.000346 0.000346 0.000355 0.000328 0.000345 0.000355 0.000345 0.000355 0.000345 0.000328 0.000354

../instances/test_set1/inst_v300_s1.dat
Benchmark array: 0.000910 0.000869 0.000881 0.000863 0.000858 0.000882 0.000863 0.000881 0.000864 0.000863 0.001222 0.000861 0.000827 0.000816 0.000831 0.000814 0.000814 0.000831 0.000805 0.000829
Benchmark  heap: 0.000804 0.000787 0.000777 0.000784 0.000766 0.000784 0.000774 0.000783 0.000782 0.000765 0.000781 0.000774 0.000781 0.000782 0.001022 0.000801 0.000762 0.000768 0.000766 0.000764

../instances/test_set1/inst_v400_s1.dat
Benchmark array: 0.001659 0.001633 0.001611 0.002118 0.001742 0.003501 0.002157 0.001582 0.001604 0.001558 0.001567 0.002288 0.001783 0.001709 0.001570 0.001530 0.001519 0.001528 0.001544 0.001527
Benchmark  heap: 0.001507 0.001456 0.001461 0.001450 0.001459 0.001451 0.001466 0.001453 0.001573 0.001421 0.001404 0.001395 0.001394 0.001402 0.001394 0.001405 0.001392 0.001394 0.001409 0.001904

../instances/test_set1/inst_v500_s1.dat
Benchmark array: 0.003795 0.003125 0.004689 0.004431 0.004021 0.003213 0.003759 0.002924 0.002609 0.002624 0.002617 0.002880 0.003172 0.002606 0.002558 0.002616 0.002627 0.003768 0.002805 0.002580
Benchmark  heap: 0.002835 0.002861 0.003598 0.002737 0.002721 0.002692 0.002662 0.003538 0.003262 0.002559 0.002575 0.002579 0.002563 0.003343 0.002623 0.002577 0.002553 0.002555 0.002822 0.003503

../instances/test_set1/inst_v600_s1.dat
Benchmark array: 0.010355 0.008559 0.009641 0.008704 0.009689 0.009114 0.009957 0.008073 0.007169 0.006981 0.006472 0.006989 0.007659 0.005913 0.009666 0.007415 0.007104 0.005747 0.006995 0.005899
Benchmark  heap: 0.007353 0.006296 0.006705 0.006929 0.005795 0.007860 0.006066 0.007861 0.006230 0.006725 0.006554 0.005907 0.008479 0.006072 0.006981 0.006158 0.007149 0.008147 0.006835 0.007772

../instances/test_set1/inst_v700_s1.dat
Benchmark array: 0.013122 0.011888 0.013440 0.013124 0.012919 0.012058 0.011737 0.012675 0.014116 0.013693 0.012954 0.013176 0.012726 0.012738 0.013096 0.013165 0.012803 0.012990 0.013751 0.013005
Benchmark  heap: 0.014275 0.012445 0.011936 0.013068 0.012605 0.012886 0.013861 0.014268 0.012493 0.013534 0.013162 0.013102 0.013515 0.012693 0.012176 0.013262 0.013964 0.013565 0.012798 0.012870

../instances/test_set1/inst_v800_s1.dat
Benchmark array: 0.021592 0.020131 0.021105 0.020321 0.020191 0.020669 0.020279 0.020586 0.020460 0.019508 0.019697 0.020189 0.021197 0.020605 0.020013 0.020678 0.020361 0.020509 0.020425 0.020441
Benchmark  heap: 0.023015 0.020852 0.021998 0.022217 0.020900 0.021308 0.021181 0.021093 0.021066 0.020602 0.021531 0.021875 0.020919 0.021466 0.020826 0.020760 0.022790 0.022090 0.021319 0.021310

../instances/test_set1/inst_v900_s1.dat
Benchmark array: 0.027291 0.026471 0.026686 0.027099 0.027768 0.027431 0.027099 0.027229 0.028197 0.027480 0.027200 0.027164 0.028218 0.027632 0.027140 0.027074 0.028153 0.027824 0.027439 0.026897
Benchmark  heap: 0.030320 0.030396 0.029708 0.029628 0.029533 0.029611 0.029534 0.028973 0.029379 0.029671 0.029442 0.030276 0.029656 0.029467 0.029538 0.029929 0.030105 0.029256 0.029627 0.029615

../instances/test_set2/check_v5_s2.dat
Benchmark array: 0.000005 0.000003 0.000003 0.000003 0.000019 0.000003 0.000003 0.000003 0.000003 0.000003 0.000003 0.000003 0.000003 0.000003 0.000003 0.000005 0.000003 0.000003 0.000003 0.000003
Benchmark  heap: 0.000002 0.000001 0.000001 0.000000 0.000000 0.000000 0.000000 0.000000 0.000000 0.000000 0.000000 0.000000 0.000000 0.000000 0.000000 0.000000 0.000000 0.000000 0.000000 0.000000

../instances/test_set2/inst_v1000_s2.dat
Benchmark array: 0.026703 0.025669 0.025642 0.026987 0.025679 0.025607 0.026049 0.025378 0.026824 0.026593 0.025730 0.025554 0.026940 0.025836 0.025836 0.025897 0.025412 0.026223 0.025595 0.025948
Benchmark  heap: 0.036997 0.037979 0.037595 0.038218 0.037956 0.038570 0.038551 0.037712 0.038740 0.038430 0.038663 0.037993 0.037951 0.038079 0.036118 0.038125 0.038138 0.037822 0.038110 0.037998

../instances/test_set2/inst_v100_s2.dat
Benchmark array: 0.000078 0.000114 0.000069 0.000069 0.000081 0.000068 0.000066 0.000090 0.000069 0.000065 0.000089 0.000068 0.000066 0.000101 0.000066 0.000065 0.000090 0.000066 0.000068 0.000090
Benchmark  heap: 0.000068 0.000086 0.000058 0.000055 0.000054 0.000077 0.000055 0.000054 0.000054 0.000076 0.000068 0.000055 0.000054 0.000076 0.000055 0.000054 0.000054 0.000076 0.000055 0.000054

../instances/test_set2/inst_v200_s2.dat
Benchmark array: 0.000567 0.000375 0.000383 0.000388 0.000379 0.000369 0.000368 0.000377 0.000367 0.000368 0.000397 0.000368 0.000375 0.000367 0.000368 0.000378 0.000368 0.000387 0.000378 0.000370
Benchmark  heap: 0.000375 0.000351 0.000319 0.000336 0.000344 0.000334 0.000332 0.000343 0.000332 0.000332 0.000324 0.000331 0.000331 0.000341 0.000332 0.000331 0.000340 0.000331 0.000314 0.000340

../instances/test_set2/inst_v300_s2.dat
Benchmark array: 0.000859 0.000964 0.000883 0.000854 0.000853 0.000862 0.000850 0.000867 0.000849 0.000847 0.000868 0.000850 0.000858 0.000850 0.000847 0.000867 0.000850 0.000865 0.000850 0.000924
Benchmark  heap: 0.000843 0.000824 0.000908 0.000889 0.000836 0.001394 0.000947 0.000818 0.000820 0.001304 0.000847 0.000825 0.000792 0.000803 0.000794 0.000802 0.000801 0.000802 0.000786 0.000794

../instances/test_set2/inst_v400_s2.dat
Benchmark array: 0.001891 0.001592 0.001596 0.001570 0.001559 0.001568 0.001571 0.001671 0.002130 0.001662 0.001495 0.001523 0.001497 0.001498 0.001498 0.001511 0.001517 0.001943 0.001577 0.001531
Benchmark  heap: 0.001531 0.001528 0.001490 0.001493 0.001488 0.001686 0.001574 0.001440 0.001431 0.001439 0.001428 0.001440 0.001446 0.001436 0.001428 0.001494 0.001528 0.001444 0.001431 0.001428

../instances/test_set2/inst_v500_s2.dat
Benchmark array: 0.003952 0.003498 0.002750 0.002666 0.003726 0.002844 0.002629 0.002593 0.002558 0.002704 0.003100 0.002611 0.002532 0.002571 0.002552 0.002813 0.003117 0.002574 0.002537 0.002553
Benchmark  heap: 0.003288 0.002987 0.002683 0.002670 0.002661 0.002662 0.003944 0.002787 0.002666 0.002653 0.002703 0.003304 0.003070 0.002719 0.002722 0.002733 0.002763 0.003493 0.002811 0.002736

../instances/test_set2/inst_v600_s2.dat
Benchmark array: 0.006765 0.005515 0.007520 0.005582 0.005952 0.005993 0.005309 0.006847 0.005799 0.005717 0.007670 0.005466 0.006701 0.005780 0.005562 0.006144 0.005407 0.006076 0.006283 0.005373
Benchmark  heap: 0.007503 0.007085 0.007411 0.005827 0.007861 0.005770 0.007013 0.006114 0.006060 0.007952 0.006253 0.006807 0.005828 0.007266 0.007340 0.006319 0.006555 0.005843 0.007071 0.005956

../instances/test_set2/inst_v700_s2.dat
Benchmark array: 0.011546 0.011031 0.010896 0.010519 0.010503 0.011128 0.010576 0.010411 0.011078 0.010807 0.011951 0.011814 0.011039 0.010672 0.010915 0.011181 0.010533 0.010755 0.011540 0.010910
Benchmark  heap: 0.013976 0.013716 0.013417 0.012959 0.012258 0.011709 0.012563 0.014550 0.013154 0.012763 0.013149 0.012299 0.012563 0.013133 0.013600 0.014102 0.012880 0.012965 0.013686 0.012505

../instances/test_set2/inst_v800_s2.dat
Benchmark array: 0.016249 0.016040 0.016292 0.015957 0.017207 0.016080 0.015540 0.015547 0.015597 0.015632 0.015933 0.015878 0.015868 0.015654 0.015522 0.015570 0.015534 0.015581 0.015912 0.015586
Benchmark  heap: 0.022676 0.021661 0.020576 0.020700 0.020743 0.020710 0.021225 0.020488 0.019724 0.019340 0.021122 0.021847 0.020586 0.021363 0.020821 0.020397 0.022566 0.021258 0.020384 0.021495

../instances/test_set2/inst_v900_s2.dat
Benchmark array: 0.023504 0.020332 0.020498 0.020676 0.020221 0.020315 0.021239 0.020237 0.020106 0.020710 0.020715 0.020684 0.020284 0.021152 0.020207 0.020061 0.021318 0.020520 0.020290 0.020590
Benchmark  heap: 0.028847 0.028792 0.028541 0.029053 0.029304 0.029226 0.029620 0.030519 0.030268 0.029400 0.029252 0.029618 0.029060 0.030261 0.030239 0.031220 0.028531 0.030268 0.027031 0.027658

