../instances/ALUE/alue2087.stp
Benchmark array (1244, 1971): 0.00138050 0.00132040 0.00136070 0.00133490 0.00135290 0.00145740 0.00132730 0.00135840 0.00133800 0.00133400 0.00132100 0.00136510 0.00133710 0.00137270 0.00132560 0.00132640 0.00132470 0.00130930 0.00134360 0.00132770
Benchmark  heap (1244, 1971): 0.00006100 0.00005750 0.00006020 0.00005790 0.00005750 0.00005780 0.00005780 0.00010580 0.00006740 0.00005530 0.00005600 0.00005740 0.00005890 0.00005790 0.00005670 0.00005850 0.00005520 0.00005770 0.00005670 0.00005500

../instances/ALUE/alue2105.stp
Benchmark array (1220, 1858): 0.00126910 0.00173280 0.00138900 0.00129510 0.00129340 0.00138460 0.00126900 0.00128610 0.00127350 0.00126860 0.00127360 0.00126180 0.00128000 0.00140210 0.00127040 0.00131510 0.00127750 0.00129020 0.00126890 0.00127850
Benchmark  heap (1220, 1858): 0.00005720 0.00005740 0.00005810 0.00006060 0.00005720 0.00005470 0.00005630 0.00005640 0.00005690 0.00005520 0.00005550 0.00007570 0.00005710 0.00005600 0.00005650 0.00005500 0.00005520 0.00005580 0.00005540 0.00005580

../instances/ALUE/alue3146.stp
Benchmark array (3626, 5869): 0.01207050 0.01145080 0.01130780 0.01136510 0.01145590 0.01146500 0.01130150 0.01138600 0.01120590 0.01124250 0.01139580 0.01107810 0.01113620 0.01144010 0.01186270 0.01152710 0.01110680 0.01115120 0.01114230 0.01110580
Benchmark  heap (3626, 5869): 0.00022070 0.00021600 0.00021770 0.00021700 0.00024830 0.00021750 0.00022030 0.00021880 0.00022130 0.00021730 0.00021970 0.00021680 0.00021810 0.00021510 0.00039860 0.00021820 0.00021610 0.00021660 0.00021980 0.00022100

../instances/ALUE/alue5067.stp
Benchmark array (3524, 5560): 0.01064640 0.01055420 0.01026920 0.01020410 0.01033630 0.01036680 0.01061480 0.01029510 0.01018450 0.01019200 0.01053220 0.01035910 0.01019060 0.01021770 0.01022520 0.01014210 0.01061310 0.01017740 0.01040610 0.01023440
Benchmark  heap (3524, 5560): 0.00019490 0.00019340 0.00019240 0.00019660 0.00019270 0.00019450 0.00019570 0.00019170 0.00019310 0.00019580 0.00019200 0.00019400 0.00019290 0.00038130 0.00019480 0.00019370 0.00019400 0.00019390 0.00019320 0.00019520

../instances/ALUE/alue5345.stp
Benchmark array (5179, 8165): 0.02354390 0.02285790 0.02282420 0.02258230 0.02262180 0.02255360 0.02274130 0.02282880 0.02287900 0.02322020 0.02210370 0.02289280 0.02255480 0.02245880 0.02270770 0.02292570 0.02294350 0.02251180 0.03140610 0.02287490
Benchmark  heap (5179, 8165): 0.00032530 0.00032980 0.00032640 0.00032550 0.00032780 0.00033280 0.00050970 0.00034180 0.00033100 0.00032730 0.00032760 0.00032710 0.00032810 0.00032720 0.00032710 0.00033230 0.00032890 0.00032700 0.00032870 0.00033040

../instances/ALUE/alue5623.stp
Benchmark array (4472, 6938): 0.01687710 0.01689690 0.01669770 0.01714730 0.01688640 0.01708810 0.01703090 0.01739680 0.01697640 0.01785100 0.01728490 0.01720700 0.01740700 0.01743230 0.01709020 0.01716140 0.01735080 0.01736920 0.01734170 0.01700870
Benchmark  heap (4472, 6938): 0.00027680 0.00027720 0.00029740 0.00027790 0.00027880 0.00027600 0.00027580 0.00047450 0.00027860 0.00027630 0.00027780 0.00027610 0.00027930 0.00027730 0.00031220 0.00027710 0.00027710 0.00027730 0.00027640 0.00027730

../instances/ALUE/alue5901.stp
Benchmark array (11543, 18429): 0.12089570 0.12182690 0.12069100 0.12106170 0.12151990 0.12136920 0.12159810 0.12031320 0.12396390 0.12205290 0.12080450 0.11986880 0.12180820 0.12052210 0.11933960 0.12141810 0.12054330 0.12214430 0.12170690 0.12117890
Benchmark  heap (11543, 18429): 0.00078300 0.00077200 0.00077160 0.00077200 0.00076920 0.00077020 0.00079480 0.00096690 0.00077580 0.00077630 0.00077300 0.00080450 0.00078210 0.00077320 0.00096300 0.00123530 0.00118440 0.00081730 0.00079710 0.00079440

../instances/ALUE/alue6179.stp
Benchmark array (3372, 5213): 0.00935880 0.00932700 0.00931780 0.00934400 0.00932710 0.00937760 0.00953660 0.01060160 0.00994930 0.00910590 0.00924710 0.00960870 0.00926220 0.00936600 0.00932020 0.00980650 0.00923150 0.00926540 0.00942630 0.00927710
Benchmark  heap (3372, 5213): 0.00017840 0.00017840 0.00018980 0.00023950 0.00041490 0.00018020 0.00019210 0.00018360 0.00018210 0.00017800 0.00017810 0.00018120 0.00018020 0.00017760 0.00018180 0.00017720 0.00018170 0.00018930 0.00018790 0.00017800

../instances/ALUE/alue6457.stp
Benchmark array (3932, 6137): 0.01248610 0.01251970 0.01278450 0.01388430 0.01355470 0.01254130 0.01239940 0.01277470 0.01297080 0.01353740 0.01283290 0.01270260 0.01274180 0.01268270 0.01269840 0.01274580 0.01272000 0.01275690 0.01294370 0.01305890
Benchmark  heap (3932, 6137): 0.00022430 0.00022190 0.00022250 0.00022420 0.00022310 0.00022330 0.00022190 0.00022270 0.00022440 0.00025410 0.00022470 0.00022510 0.00022200 0.00022120 0.00023810 0.00022210 0.00022630 0.00022320 0.00022450 0.00040900

../instances/ALUE/alue6735.stp
Benchmark array (4119, 6696): 0.01432680 0.01475360 0.01450820 0.01435450 0.01547000 0.01444270 0.01486840 0.01494530 0.01431220 0.01427590 0.01424710 0.01457630 0.01430920 0.01435190 0.01462210 0.01428110 0.01426410 0.01448300 0.01422460 0.01429530
Benchmark  heap (4119, 6696): 0.00025480 0.00026440 0.00025470 0.00025400 0.00025400 0.00025540 0.00025400 0.00043330 0.00025620 0.00063280 0.00026030 0.00025500 0.00025590 0.00025360 0.00025370 0.00025600 0.00027750 0.00025550 0.00026950 0.00026950

../instances/ALUE/alue6951.stp
Benchmark array (2818, 4419): 0.00659170 0.00659060 0.00661720 0.00657580 0.00682610 0.00659320 0.00683340 0.00660690 0.00663620 0.00659660 0.00662310 0.00660220 0.00660500 0.00669230 0.00662340 0.00659960 0.00685750 0.00663310 0.00670390 0.00682920
Benchmark  heap (2818, 4419): 0.00015410 0.00015110 0.00015170 0.00014960 0.00015200 0.00014900 0.00015200 0.00014950 0.00015260 0.00014990 0.00015140 0.00014920 0.00015280 0.00014970 0.00015210 0.00015040 0.00015320 0.00015000 0.00015410 0.00036380

../instances/ALUE/alue7065.stp
Benchmark array (34046, 54841): 1.07348350 1.07810030 1.06916310 1.08517620 1.07229680 1.07114190 1.07015780 1.07596470 1.07551320 1.08478910 1.06552480 1.07921400 1.06024160 1.10056940 1.09872760 1.09608380 1.10031310 1.11008900 1.08750300 1.12163660
Benchmark  heap (34046, 54841): 0.00431910 0.00416170 0.00378120 0.00398710 0.00421440 0.00389850 0.00385610 0.00433790 0.00400610 0.00401380 0.00359590 0.00395480 0.00395860 0.00378660 0.00379930 0.00359860 0.00346300 0.00403370 0.00373130 0.00430350

../instances/ALUE/alue7066.stp
Benchmark array (6405, 10454): 0.03713280 0.03688030 0.03624380 0.03557800 0.03519130 0.03549910 0.03564290 0.03520570 0.03472670 0.03527000 0.03482490 0.03516820 0.03575600 0.03575190 0.03513570 0.03477750 0.03537460 0.03506660 0.03552190 0.03511620
Benchmark  heap (6405, 10454): 0.00043060 0.00042100 0.00042020 0.00041730 0.00042770 0.00041830 0.00041520 0.00041850 0.00041520 0.00042020 0.00041710 0.00041710 0.00060860 0.00042090 0.00041790 0.00042070 0.00041520 0.00042630 0.00042280 0.00041610

../instances/ALUE/alue7080.stp
Benchmark array (34479, 55494): 1.10799860 1.12347140 1.12099510 1.11436630 1.12799750 1.16895560 1.14083740 1.12062010 1.12221270 1.14725520 1.11253380 1.11042730 1.11039700 1.14876990 1.14101600 1.13643990 1.13944750 1.11706770 1.14103870 1.12594000
Benchmark  heap (34479, 55494): 0.00392530 0.00499260 0.00429450 0.00319760 0.00447360 0.00445320 0.00404200 0.00400280 0.00349760 0.00422530 0.00352700 0.00290230 0.00441270 0.00427820 0.00401020 0.00369810 0.00317690 0.00415850 0.00352240 0.00382990

../instances/ALUE/alue7229.stp
Benchmark array (940, 1474): 0.00076670 0.00075000 0.00076090 0.00074440 0.00074340 0.00077890 0.00074190 0.00075860 0.00074090 0.00074050 0.00087950 0.00079640 0.00188410 0.00106840 0.00099260 0.00082500 0.00074260 0.00074830 0.00074990 0.00075690
Benchmark  heap (940, 1474): 0.00004070 0.00004050 0.00004190 0.00003980 0.00004000 0.00003910 0.00004110 0.00003980 0.00004360 0.00004050 0.00004100 0.00005840 0.00004060 0.00003770 0.00004090 0.00003830 0.00003770 0.00003960 0.00003780 0.00003900

../instances/ALUT/alut0787.stp
Benchmark array (1160, 2089): 0.00130620 0.00114050 0.00115770 0.00117730 0.00114460 0.00137460 0.00119920 0.00113200 0.00115040 0.00113550 0.00112330 0.00113850 0.00116020 0.00112230 0.00111720 0.00117450 0.00113490 0.00112400 0.00115220 0.00116160
Benchmark  heap (1160, 2089): 0.00004450 0.00004550 0.00004440 0.00004490 0.00004380 0.00004460 0.00004370 0.00004570 0.00004520 0.00004350 0.00004480 0.00004380 0.00004500 0.00006060 0.00004670 0.00004430 0.00004490 0.00004650 0.00006340 0.00004400

../instances/ALUT/alut0805.stp
Benchmark array (966, 1666): 0.00079840 0.00078350 0.00077690 0.00098400 0.00131310 0.00080960 0.00079410 0.00080030 0.00080690 0.00079030 0.00078640 0.00077870 0.00080330 0.00080100 0.00079320 0.00078460 0.00079360 0.00078290 0.00078020 0.00077510
Benchmark  heap (966, 1666): 0.00003910 0.00003940 0.00003900 0.00003790 0.00003830 0.00003860 0.00003920 0.00003780 0.00004070 0.00003670 0.00003790 0.00004040 0.00003770 0.00003710 0.00003960 0.00003630 0.00003820 0.00003710 0.00003760 0.00003970

../instances/ALUT/alut1181.stp
Benchmark array (3041, 5693): 0.00770470 0.00786920 0.00806330 0.00796500 0.00780580 0.00797870 0.00795770 0.00920970 0.00801070 0.00786470 0.00907950 0.00887470 0.00812680 0.00854520 0.00800570 0.00808440 0.00771060 0.00810930 0.00771900 0.00842870
Benchmark  heap (3041, 5693): 0.00015600 0.00015730 0.00015500 0.00015720 0.00015460 0.00015640 0.00015650 0.00015760 0.00015560 0.00015450 0.00015590 0.00015560 0.00039020 0.00015920 0.00015790 0.00015560 0.00015430 0.00015890 0.00015430 0.00015720

../instances/ALUT/alut2010.stp
Benchmark array (6104, 11011): 0.03255230 0.03260870 0.03208590 0.03168650 0.03288200 0.03219960 0.03207390 0.03184700 0.03207090 0.03190450 0.03317950 0.03217610 0.03268420 0.03446080 0.03287370 0.03316190 0.03376860 0.03368590 0.03236730 0.03325310
Benchmark  heap (6104, 11011): 0.00084260 0.00082890 0.00081050 0.00085780 0.00083780 0.00086550 0.00083300 0.00088470 0.00135490 0.00104520 0.00087670 0.00092520 0.00035130 0.00034780 0.00035230 0.00034780 0.00034970 0.00034710 0.00035750 0.00034810

../instances/ALUT/alut2288.stp
Benchmark array (9070, 16595): 0.07550760 0.07542960 0.07803770 0.07587150 0.07713510 0.07710790 0.07508830 0.07651610 0.07610250 0.07644900 0.07439200 0.07597630 0.07624030 0.07365190 0.07450620 0.07454180 0.07645760 0.07511070 0.07488160 0.07707220
Benchmark  heap (9070, 16595): 0.00055690 0.00055260 0.00101320 0.00057930 0.00055950 0.00073830 0.00055510 0.00056070 0.00058060 0.00056010 0.00057000 0.00055950 0.00055390 0.00055530 0.00056530 0.00120660 0.00127970 0.00127140 0.00127050 0.00132000

../instances/ALUT/alut2566.stp
Benchmark array (5021, 9055): 0.02218330 0.02193120 0.02266890 0.02214150 0.02182990 0.02129980 0.02179550 0.02096090 0.02120400 0.02235830 0.02118350 0.02175080 0.02159160 0.02110890 0.02167260 0.02217670 0.02116820 0.02123410 0.02187780 0.02140610
Benchmark  heap (5021, 9055): 0.00028670 0.00028630 0.00029920 0.00029010 0.00034110 0.00071170 0.00066820 0.00070020 0.00067000 0.00074050 0.00067580 0.00069110 0.00074740 0.00072430 0.00073410 0.00071690 0.00079210 0.00073280 0.00077010 0.00069250

../instances/ALUT/alut2610.stp
Benchmark array (33901, 62816): 1.07571480 1.05845290 1.06631860 1.06336440 1.06027320 1.05460500 1.04830870 1.07810450 1.06084950 1.06772870 1.06204630 1.07188150 1.08484340 1.07641770 1.06610590 1.07430840 1.07653830 1.14741840 1.08618270 1.08821990
Benchmark  heap (33901, 62816): 0.00682280 0.00731360 0.00700700 0.00345430 0.00343210 0.00468000 0.00413430 0.00354680 0.00634440 0.00711910 0.00718470 0.00717980 0.00701210 0.00536130 0.00440220 0.00442320 0.00394790 0.00442870 0.00589270 0.00660640

../instances/ALUT/alut2625.stp
Benchmark array (36711, 68117): 1.25928190 1.26531610 1.25015300 1.27105780 1.26445840 1.27354590 1.25973780 1.26318800 1.25994280 1.25400940 1.25159590 1.27881940 1.26256620 1.26575120 1.26771810 1.24787680 1.26561170 1.28508700 1.25368950 1.26680650
Benchmark  heap (36711, 68117): 0.00434970 0.00499620 0.00467220 0.00407040 0.00412350 0.00468710 0.00476410 0.00413120 0.00437640 0.00450620 0.00439300 0.00376570 0.00391610 0.00484580 0.00421620 0.00401360 0.00386090 0.00507380 0.00435000 0.00383220

../instances/ALUT/alut2764.stp
Benchmark array (387, 626): 0.00013370 0.00013200 0.00013190 0.00013170 0.00013160 0.00014370 0.00013280 0.00013210 0.00013160 0.00013180 0.00013430 0.00013140 0.00014230 0.00015500 0.00013410 0.00013220 0.00013200 0.00013300 0.00013360 0.00014240
Benchmark  heap (387, 626): 0.00000890 0.00000910 0.00000880 0.00001040 0.00000890 0.00000890 0.00000910 0.00001110 0.00000870 0.00000950 0.00000950 0.00000900 0.00000880 0.00000890 0.00000970 0.00001030 0.00000950 0.00000960 0.00000880 0.00000880

../instances/DMXA/dmxa0296.stp
Benchmark array (233, 386): 0.00005310 0.00007480 0.00005320 0.00005320 0.00005290 0.00030650 0.00005730 0.00005320 0.00005200 0.00005280 0.00005280 0.00005260 0.00005280 0.00005190 0.00006560 0.00005540 0.00005280 0.00005290 0.00005290 0.00005190
Benchmark  heap (233, 386): 0.00002680 0.00000630 0.00000490 0.00000660 0.00000480 0.00000490 0.00000570 0.00000480 0.00000550 0.00000490 0.00000490 0.00000560 0.00000480 0.00018620 0.00000920 0.00000500 0.00000570 0.00000470 0.00000470 0.00000750

../instances/DMXA/dmxa0368.stp
Benchmark array (2050, 3676): 0.00357050 0.00352200 0.00354420 0.00373000 0.00350160 0.00355110 0.00348520 0.00390190 0.00356560 0.00349940 0.00349640 0.00356530 0.00371940 0.00357240 0.00352230 0.00347260 0.00351180 0.00352690 0.00349930 0.00351130
Benchmark  heap (2050, 3676): 0.00009340 0.00009370 0.00011510 0.00015700 0.00011970 0.00009720 0.00009400 0.00009680 0.00009410 0.00009420 0.00009380 0.00009840 0.00010850 0.00009340 0.00009410 0.00009270 0.00009210 0.00009310 0.00009380 0.00009280

../instances/DMXA/dmxa0454.stp
Benchmark array (1848, 3286): 0.00297860 0.00288130 0.00298220 0.00289540 0.00287490 0.00288560 0.00290330 0.00290660 0.00330130 0.00286490 0.00288390 0.00290660 0.00287540 0.00288560 0.00289180 0.00287980 0.00284530 0.00293860 0.00289860 0.00289020
Benchmark  heap (1848, 3286): 0.00009330 0.00010130 0.00009230 0.00009260 0.00009080 0.00009280 0.00009230 0.00009150 0.00009210 0.00009110 0.00009240 0.00009020 0.00010480 0.00009460 0.00010070 0.00009060 0.00009310 0.00009150 0.00009030 0.00009140

../instances/DMXA/dmxa0628.stp
Benchmark array (169, 280): 0.00002930 0.00002920 0.00002990 0.00002980 0.00002900 0.00003000 0.00002900 0.00002870 0.00002970 0.00002870 0.00002870 0.00003030 0.00002880 0.00003260 0.00003160 0.00002860 0.00002860 0.00002950 0.00002870 0.00002870
Benchmark  heap (169, 280): 0.00000470 0.00000370 0.00000710 0.00000560 0.00000570 0.00000580 0.00000610 0.00000770 0.00000660 0.00000900 0.00000520 0.00000360 0.00000340 0.00000450 0.00000530 0.00000340 0.00000340 0.00000350 0.00000340 0.00000350

../instances/DMXA/dmxa0734.stp
Benchmark array (663, 1154): 0.00040200 0.00040740 0.00038640 0.00037560 0.00036980 0.00038050 0.00036980 0.00039330 0.00038020 0.00037210 0.00038030 0.00037120 0.00037040 0.00039990 0.00037300 0.00036940 0.00038280 0.00055960 0.00038040 0.00037010
Benchmark  heap (663, 1154): 0.00002410 0.00003920 0.00002560 0.00002500 0.00002490 0.00002310 0.00002370 0.00002440 0.00002360 0.00002340 0.00002490 0.00002410 0.00002350 0.00002330 0.00002240 0.00002520 0.00002360 0.00002330 0.00002350 0.00002510

../instances/DMXA/dmxa0848.stp
Benchmark array (499, 861): 0.00021700 0.00021590 0.00021730 0.00022770 0.00021740 0.00021550 0.00021600 0.00021690 0.00022530 0.00021750 0.00021750 0.00021680 0.00022780 0.00021730 0.00021630 0.00021700 0.00021520 0.00023880 0.00021700 0.00021820
Benchmark  heap (499, 861): 0.00001600 0.00001650 0.00001740 0.00001600 0.00001680 0.00001600 0.00002620 0.00001740 0.00001650 0.00001660 0.00001560 0.00001800 0.00001550 0.00003010 0.00001660 0.00001500 0.00001540 0.00001570 0.00001560 0.00001640

../instances/DMXA/dmxa0903.stp
Benchmark array (632, 1087): 0.00034310 0.00034900 0.00033930 0.00033920 0.00035560 0.00033890 0.00033780 0.00034930 0.00034750 0.00033910 0.00036770 0.00033930 0.00033900 0.00035110 0.00033910 0.00033870 0.00036280 0.00056670 0.00035450 0.00034620
Benchmark  heap (632, 1087): 0.00002430 0.00002270 0.00002320 0.00002310 0.00002290 0.00003690 0.00002480 0.00002330 0.00002470 0.00002270 0.00002340 0.00002220 0.00002330 0.00002250 0.00002420 0.00002170 0.00002310 0.00002340 0.00002140 0.00002240

../instances/DMXA/dmxa1010.stp
Benchmark array (3983, 7108): 0.01330200 0.01320120 0.01304960 0.01320560 0.01349910 0.01322220 0.01304710 0.01309160 0.01324050 0.01317550 0.01348940 0.01323530 0.01333560 0.01324300 0.01340580 0.01371140 0.01414860 0.01387180 0.01313300 0.01315310
Benchmark  heap (3983, 7108): 0.00020920 0.00020660 0.00020910 0.00022480 0.00041320 0.00020940 0.00020780 0.00022110 0.00020590 0.00021010 0.00020670 0.00020770 0.00022070 0.00020890 0.00020530 0.00022400 0.00020850 0.00021670 0.00020980 0.00020790

../instances/DMXA/dmxa1109.stp
Benchmark array (343, 559): 0.00011950 0.00010920 0.00010670 0.00010700 0.00010730 0.00010580 0.00011900 0.00011730 0.00010650 0.00010850 0.00010690 0.00010690 0.00010680 0.00010670 0.00010690 0.00011500 0.00012180 0.00010910 0.00010630 0.00010700
Benchmark  heap (343, 559): 0.00000920 0.00000930 0.00001000 0.00000910 0.00000950 0.00000870 0.00000880 0.00000880 0.00000850 0.00001050 0.00000870 0.00000850 0.00000840 0.00000860 0.00000930 0.00000850 0.00000950 0.00000850 0.00020200 0.00000980

../instances/DMXA/dmxa1200.stp
Benchmark array (770, 1383): 0.00049720 0.00051390 0.00049620 0.00052190 0.00049970 0.00051600 0.00049800 0.00053390 0.00050870 0.00055060 0.00052950 0.00053540 0.00053360 0.00051330 0.00053560 0.00049750 0.00051890 0.00050900 0.00053120 0.00049980
Benchmark  heap (770, 1383): 0.00003140 0.00002840 0.00002990 0.00002780 0.00002890 0.00002970 0.00002810 0.00002760 0.00002910 0.00002710 0.00002840 0.00002730 0.00003030 0.00002730 0.00002940 0.00002940 0.00002890 0.00002730 0.00002920 0.00002700

../instances/DMXA/dmxa1304.stp
Benchmark array (298, 503): 0.00008610 0.00008420 0.00008530 0.00008180 0.00008270 0.00008170 0.00008190 0.00008290 0.00008200 0.00008250 0.00008250 0.00009280 0.00008320 0.00008310 0.00008330 0.00008280 0.00008290 0.00008180 0.00009110 0.00008390
Benchmark  heap (298, 503): 0.00000800 0.00001010 0.00000930 0.00000680 0.00000760 0.00000760 0.00000760 0.00000680 0.00000750 0.00000830 0.00000780 0.00000680 0.00000750 0.00000750 0.00000770 0.00000750 0.00000680 0.00000770 0.00001940 0.00000880

../instances/DMXA/dmxa1516.stp
Benchmark array (720, 1269): 0.00043920 0.00044330 0.00045280 0.00049780 0.00045800 0.00046490 0.00048070 0.00043670 0.00045470 0.00043390 0.00045870 0.00043730 0.00045700 0.00044420 0.00043680 0.00044960 0.00045010 0.00044500 0.00043760 0.00045580
Benchmark  heap (720, 1269): 0.00002640 0.00002690 0.00002580 0.00002640 0.00002590 0.00002680 0.00002740 0.00002540 0.00002550 0.00002560 0.00002910 0.00002590 0.00002530 0.00002600 0.00002800 0.00002580 0.00003720 0.00002790 0.00002680 0.00002600

../instances/DMXA/dmxa1721.stp
Benchmark array (1005, 1731): 0.00086820 0.00084370 0.00085610 0.00090630 0.00103880 0.00095550 0.00087700 0.00086210 0.00086810 0.00085800 0.00084630 0.00085510 0.00086220 0.00105260 0.00087510 0.00085790 0.00085970 0.00086360 0.00085770 0.00084610
Benchmark  heap (1005, 1731): 0.00004290 0.00004840 0.00004740 0.00004180 0.00003990 0.00004160 0.00004070 0.00004060 0.00004290 0.00004040 0.00004130 0.00004030 0.00004210 0.00004110 0.00005110 0.00004160 0.00004140 0.00004020 0.00004050 0.00004030

../instances/DMXA/dmxa1801.stp
Benchmark array (2333, 4137): 0.00485900 0.00506370 0.00464650 0.00467210 0.00462850 0.00468140 0.00461950 0.00465280 0.00478940 0.00467370 0.00467230 0.00461030 0.00476130 0.00459940 0.00465790 0.00462030 0.00465500 0.00460600 0.00465280 0.00468260
Benchmark  heap (2333, 4137): 0.00012210 0.00011950 0.00034680 0.00012250 0.00012340 0.00013470 0.00012170 0.00012180 0.00011830 0.00012070 0.00011940 0.00012880 0.00012780 0.00011970 0.00011900 0.00012260 0.00011920 0.00011740 0.00011980 0.00012950

../instances/test_set1/inst_v100_s1.dat
Benchmark array (100, 9900): 0.00005680 0.00005700 0.00005610 0.00005550 0.00005260 0.00006790 0.00005810 0.00005580 0.00005680 0.00005260 0.00005570 0.00005530 0.00005510 0.00005520 0.00005330 0.00006120 0.00005530 0.00005560 0.00005270 0.00005540
Benchmark  heap (100, 9900): 0.00005220 0.00004820 0.00005080 0.00004980 0.00004780 0.00005020 0.00004820 0.00005030 0.00005200 0.00004780 0.00005060 0.00004830 0.00006120 0.00005250 0.00004830 0.00005010 0.00004850 0.00005030 0.00005030 0.00004820

../instances/test_set1/inst_v200_s1.dat
Benchmark array (200, 39800): 0.00035130 0.00033230 0.00032880 0.00034080 0.00033030 0.00032850 0.00033790 0.00032850 0.00033350 0.00033530 0.00032910 0.00032850 0.00033790 0.00034340 0.00032870 0.00033820 0.00032860 0.00032950 0.00033690 0.00032860
Benchmark  heap (200, 39800): 0.00032490 0.00031650 0.00031590 0.00030900 0.00032890 0.00032100 0.00030960 0.00031910 0.00031040 0.00030800 0.00031740 0.00030940 0.00030840 0.00031740 0.00030830 0.00030760 0.00031640 0.00030780 0.00030930 0.00030690

../instances/test_set1/inst_v300_s1.dat
Benchmark array (300, 89700): 0.00075890 0.00076640 0.00078850 0.00077750 0.00079140 0.00076380 0.00076900 0.00077660 0.00080390 0.00111430 0.00113630 0.00077120 0.00078200 0.00075770 0.00077000 0.00076880 0.00080370 0.00076030 0.00077810 0.00077780
Benchmark  heap (300, 89700): 0.00103320 0.00120670 0.00075370 0.00072140 0.00073040 0.00073050 0.00072670 0.00072980 0.00073110 0.00074030 0.00072210 0.00073030 0.00147650 0.00081290 0.00073660 0.00074600 0.00073250 0.00072540 0.00073410 0.00073960

../instances/test_set1/inst_v400_s1.dat
Benchmark array (400, 159600): 0.00137130 0.00134000 0.00135470 0.00179790 0.00317840 0.00181290 0.00137390 0.00152640 0.00155460 0.00142320 0.00150110 0.00137430 0.00144400 0.00188930 0.00316740 0.00190250 0.00175840 0.00174800 0.00135880 0.00134080
Benchmark  heap (400, 159600): 0.00126700 0.00135880 0.00172790 0.00258070 0.00176690 0.00159760 0.00165230 0.00128690 0.00130300 0.00131490 0.00149280 0.00143100 0.00157720 0.00254090 0.00250270 0.00255630 0.00150850 0.00133020 0.00131570 0.00130390

../instances/test_set1/inst_v500_s1.dat
Benchmark array (500, 249500): 0.00659710 0.00310310 0.00301550 0.00321720 0.00716400 0.00600350 0.00803440 0.00575270 0.00302250 0.00306890 0.00691740 0.00343240 0.00337220 0.00360240 0.00665240 0.00329030 0.00260630 0.00350480 0.00641090 0.00374180
Benchmark  heap (500, 249500): 0.00592570 0.00351320 0.00325180 0.00375070 0.00587860 0.00303370 0.00261090 0.00591460 0.00603950 0.00328740 0.00281750 0.00327610 0.00567730 0.00344340 0.00520790 0.00837290 0.00398960 0.00431100 0.00547430 0.00533360

../instances/test_set1/inst_v600_s1.dat
Benchmark array (600, 359400): 0.01045150 0.00993370 0.01091380 0.01055700 0.01004710 0.01066710 0.01055260 0.01028320 0.01072310 0.01004220 0.01181670 0.01046500 0.00978320 0.01061500 0.01090040 0.01025090 0.00996560 0.00818530 0.01002640 0.00866180
Benchmark  heap (600, 359400): 0.00917720 0.00950430 0.00890550 0.00834650 0.00942670 0.00909200 0.00984020 0.00728160 0.00952360 0.00757780 0.00983010 0.00751000 0.01137420 0.01000650 0.01153340 0.01008190 0.00705940 0.00968430 0.00744570 0.00974800

../instances/test_set1/inst_v700_s1.dat
Benchmark array (700, 489300): 0.01503690 0.01511310 0.01490670 0.01486250 0.01399610 0.01405480 0.01495730 0.01485270 0.01456780 0.01472600 0.01459330 0.01435150 0.01410660 0.01366690 0.01419710 0.01660270 0.01525430 0.01551340 0.01593930 0.01561580
Benchmark  heap (700, 489300): 0.01475390 0.01425810 0.01552720 0.01407210 0.01412750 0.01470780 0.01489110 0.01375890 0.01344770 0.01421600 0.01303960 0.01405200 0.01397040 0.01446320 0.01399250 0.01390760 0.01404620 0.01353650 0.01422370 0.01351170

../instances/test_set1/inst_v800_s1.dat
Benchmark array (800, 639200): 0.01942960 0.02051010 0.02002760 0.01954140 0.01913470 0.01939290 0.01955210 0.01937490 0.01928240 0.02079520 0.01932630 0.01910410 0.02000370 0.02013330 0.02003930 0.02059620 0.02038510 0.01957110 0.01924390 0.01963460
Benchmark  heap (800, 639200): 0.02079060 0.01916150 0.02138790 0.02028280 0.02019390 0.02130500 0.02014090 0.01906780 0.01931290 0.01949250 0.01962230 0.01962980 0.01905300 0.01873870 0.01930870 0.01950380 0.01956940 0.01972880 0.01928080 0.01943760

../instances/test_set1/inst_v900_s1.dat
Benchmark array (900, 809100): 0.02636170 0.02493660 0.02485060 0.02516110 0.02480790 0.02559940 0.02578100 0.02537920 0.02627650 0.02587680 0.02649270 0.02540110 0.02618630 0.02548460 0.02514010 0.02539960 0.02485720 0.02501160 0.02536750 0.02473350
Benchmark  heap (900, 809100): 0.02600310 0.02508890 0.02605630 0.02593680 0.02593590 0.02483630 0.02544070 0.02563900 0.02597730 0.02560280 0.02580950 0.02516740 0.02517020 0.02508510 0.02489620 0.02603930 0.02484200 0.02588400 0.02475750 0.02544060

../instances/test_set1/inst_v1000_s1.dat
Benchmark array (1000, 999000): 0.03176450 0.03179610 0.03169730 0.03209010 0.03283530 0.03201910 0.03184520 0.03170890 0.03241880 0.03227530 0.03189450 0.03120360 0.03174150 0.03189870 0.03189240 0.03121460 0.03221880 0.03201220 0.03284960 0.03237210
Benchmark  heap (1000, 999000): 0.03239080 0.03243470 0.03175620 0.03298010 0.03218620 0.03221930 0.03242840 0.03318800 0.03249770 0.03304590 0.03187880 0.03208100 0.03211690 0.03324800 0.03394050 0.03406490 0.03320090 0.03230650 0.03184160 0.03203290

../instances/test_set2/inst_v100_s2.dat
Benchmark array (100, 9900): 0.00005740 0.00005690 0.00005630 0.00005370 0.00005620 0.00005630 0.00005570 0.00005570 0.00005380 0.00005630 0.00005590 0.00005590 0.00005600 0.00006410 0.00005980 0.00005630 0.00005570 0.00005630 0.00005360 0.00005590
Benchmark  heap (100, 9900): 0.00005110 0.00005930 0.00005240 0.00004870 0.00005270 0.00005050 0.00004830 0.00005160 0.00004820 0.00005080 0.00005230 0.00004870 0.00004990 0.00004830 0.00005020 0.00004990 0.00004820 0.00005020 0.00004800 0.00005030

../instances/test_set2/inst_v200_s2.dat
Benchmark array (200, 39800): 0.00032890 0.00031960 0.00031700 0.00032850 0.00031760 0.00032010 0.00032730 0.00031760 0.00031800 0.00032820 0.00033600 0.00031800 0.00032730 0.00031920 0.00031700 0.00032950 0.00031770 0.00031770 0.00032760 0.00031950
Benchmark  heap (200, 39800): 0.00029790 0.00030590 0.00029730 0.00030670 0.00031100 0.00030260 0.00030030 0.00029760 0.00030890 0.00029570 0.00029570 0.00030420 0.00029630 0.00029480 0.00029580 0.00031010 0.00029640 0.00029570 0.00030440 0.00029880

../instances/test_set2/inst_v300_s2.dat
Benchmark array (300, 89700): 0.00074600 0.00075620 0.00082500 0.00080360 0.00076230 0.00075970 0.00090360 0.00089610 0.00075660 0.00075260 0.00074460 0.00075740 0.00103950 0.00094790 0.00079950 0.00076000 0.00074760 0.00073600 0.00073960 0.00073780
Benchmark  heap (300, 89700): 0.00072590 0.00071880 0.00071610 0.00079240 0.00073480 0.00072290 0.00071350 0.00071730 0.00071780 0.00071740 0.00070750 0.00076050 0.00073180 0.00072640 0.00071510 0.00072160 0.00074660 0.00074400 0.00073030 0.00074270

../instances/test_set2/inst_v400_s2.dat
Benchmark array (400, 159600): 0.00236550 0.00265300 0.00276190 0.00202210 0.00142010 0.00145550 0.00140620 0.00171500 0.00254650 0.00252000 0.00178310 0.00312400 0.00164610 0.00145230 0.00135910 0.00140280 0.00184530 0.00185850 0.00212690 0.00212360
Benchmark  heap (400, 159600): 0.00138640 0.00146300 0.00222850 0.00212370 0.00184180 0.00231430 0.00253540 0.00262160 0.00152700 0.00148620 0.00202500 0.00162800 0.00145150 0.00190450 0.00196660 0.00235030 0.00224180 0.00158410 0.00244920 0.00188200

../instances/test_set2/inst_v500_s2.dat
Benchmark array (500, 249500): 0.00351070 0.00504130 0.00533190 0.00436570 0.00487840 0.00542890 0.00439420 0.00372150 0.00461320 0.00519200 0.00422220 0.00385420 0.00468500 0.00550900 0.00483620 0.00432890 0.00499760 0.00473680 0.00540550 0.00480940
Benchmark  heap (500, 249500): 0.00609780 0.00424890 0.00552670 0.00739900 0.00616710 0.00610360 0.00477930 0.00449420 0.00610290 0.00478990 0.00443340 0.00583020 0.00558090 0.00371550 0.00436250 0.00610430 0.00474590 0.00412470 0.00641790 0.00458030

../instances/test_set2/inst_v600_s2.dat
Benchmark array (600, 359400): 0.00803110 0.00791100 0.00822150 0.00885550 0.00814560 0.00701070 0.00862490 0.00769900 0.00864430 0.00754680 0.00907610 0.00767930 0.00837540 0.00744770 0.00829720 0.00900220 0.00928930 0.00900730 0.00940290 0.00819330
Benchmark  heap (600, 359400): 0.00818410 0.00955220 0.00763660 0.00961090 0.00831020 0.00982170 0.00911160 0.00924400 0.00898660 0.00927550 0.00939870 0.00869560 0.01026770 0.00933830 0.01141060 0.01223800 0.01087750 0.01032830 0.01001240 0.01011830

../instances/test_set2/inst_v700_s2.dat
Benchmark array (700, 489300): 0.01197530 0.01128090 0.01121690 0.01195440 0.01217320 0.01112250 0.01179400 0.01156340 0.01310900 0.01388660 0.01260070 0.01330950 0.01374170 0.01235170 0.01312800 0.01342460 0.01314220 0.01226310 0.01116060 0.01242010
Benchmark  heap (700, 489300): 0.01511070 0.01435420 0.01507600 0.01459570 0.01423490 0.01625820 0.01514400 0.01451240 0.01494270 0.01579320 0.01563800 0.01530700 0.01618640 0.01597150 0.01637410 0.01585470 0.01532930 0.01542000 0.01554090 0.01545570

../instances/test_set2/inst_v800_s2.dat
Benchmark array (800, 639200): 0.01622050 0.01704200 0.01590840 0.01687100 0.01631640 0.01608820 0.01620660 0.01601050 0.01625360 0.01630980 0.01585450 0.01608820 0.01594890 0.01641140 0.01596440 0.01584310 0.01578320 0.01548830 0.01546730 0.01570900
Benchmark  heap (800, 639200): 0.02126670 0.02173710 0.02034970 0.02131600 0.02056990 0.01987040 0.01950000 0.01923320 0.01984730 0.02162190 0.02018130 0.01980550 0.02053760 0.02108740 0.02037420 0.01978620 0.02019450 0.02023020 0.02047060 0.02063870

../instances/test_set2/inst_v900_s2.dat
Benchmark array (900, 809100): 0.02103850 0.02059870 0.02244980 0.02039890 0.02054750 0.02054250 0.01958860 0.01989010 0.02079000 0.02034180 0.01926870 0.01921560 0.01951930 0.01986270 0.01977050 0.01945160 0.01892420 0.01934840 0.01985830 0.01950630
Benchmark  heap (900, 809100): 0.02729250 0.02699800 0.02683230 0.02739150 0.02655800 0.02745610 0.02667280 0.02687160 0.02708020 0.02686710 0.02606940 0.02711890 0.02673940 0.02634840 0.02701660 0.02647110 0.02666950 0.02681780 0.02693930 0.02709960

../instances/test_set2/inst_v1000_s2.dat
Benchmark array (1000, 999000): 0.02455610 0.02455920 0.02387620 0.02561410 0.02482330 0.02486880 0.02489910 0.02441540 0.02412720 0.02492130 0.02404590 0.02491470 0.02337400 0.02433860 0.02458340 0.02567670 0.02474510 0.02481220 0.02364630 0.02488910
Benchmark  heap (1000, 999000): 0.03509460 0.03529640 0.03513970 0.03459760 0.03545960 0.03586440 0.03537930 0.03460820 0.03480800 0.03512580 0.03457170 0.03430380 0.03497150 0.03375900 0.03485160 0.03407150 0.03436390 0.03422860 0.03407660 0.03429300
